0.62  0.90 1.00
0.66 	0.91 1.00
0.68 	0.92 1.00
0.70 	0.93 1.00
0.72 	0.94 1.00
0.74	0.95 1.00
0.76 	0.96 1.00
0.78  	0.97 1.00
0.80 	0.98 1.00
0.82	0.98 1.00
0.84 	0.98 1.00
0.86 	0.98 1.00
0.88 	0.98 1.00
0.90 	0.98 1.00
0.92 	1.23 1.00
0.94 	1.28 1.00
1.01 	1.42 1.25
1.27 	1.64 1.50
1.63 	1.94 2.00
2.14  	2.46 2.00
2.99 	3.29 2.50
3.84 	4.24 3.25
4.85 	5.11 4.25
4.68 	5.06 4.25
4.55 	5.03 4.25
4.53 	5.03 4.25
4.54 	5.00 4.00
4.44 	4.92 4.00
4.43 	4.84 4.00
4.35 	4.62 4.00
4.24 	4.42 4.00
4.27  	4.57 4.00
4.83 	4.93 4.00
4.21 	4.69 4.00
4.32 	4.77 4.00
4.50 	4.80 4.00
4.34 	4.57 4.00
4.16 	4.27 4.00
4.15 	4.20 4.00
3.96 	4.12 3.75
3.91 	4.02 3.75
3.89 	3.94 3.75
3.69 	3.86 3.50
3.67  	3.80 3.50
3.68 	3.73 3.50
3.45 	3.64 3.25
3.39 	3.54 3.25
3.18 	3.37 3.00
3.13 	3.26 3.00
2.97 	3.14 2.75
2.90 	3.01 2.75
2.72 	2.92 2.50
2.68 	2.83 2.50
2.66 	2.75 2.50
2.47 	2.63 2.25
2.42  	2.54 2.25
2.44 	2.51 2.25
2.23 	2.37 2.00
2.15 	2.22 2.00
2.14 	2.17 2.00
2.14 	2.16 2.00
2.14 	2.15 2.00
2.13 	2.14 2.00
2.13 	2.16 2.00
2.13 	2.17 2.00
2.13 	2.17 2.00
2.13 	2.17 2.00
2.14  	2.18 2.00
2.20 	2.21 2.00
2.13 	2.20 2.00
2.11 	2.18 2.00
2.11 	2.14 2.00
2.11 	2.14 2.00
2.10 	2.15 2.00
2.10 	2.14 2.00
2.09 	2.11 2.00
2.08 	2.06 2.00
2.07 	2.06 2.00
2.09 	2.10 2.00
2.11  	2.12 2.00
2.16 	2.18 2.00
2.11 	2.19 2.00
2.13 	2.17 2.00
2.16 	2.18 2.00
2.15 	2.17 2.00
2.16 	2.16 2.00
2.23 	2.20 2.00
2.57 	2.46 2.50
2.61 	2.57 2.50
2.64 	2.56 2.50
2.83 	2.76 2.75
2.90  	2.88 2.75
3.05 	3.00 2.75
3.29 	3.19 3.25
3.35 	3.31 3.25
3.36 	3.36 3.25
3.38 	3.40 3.25
3.42 	3.46 3.25
3.43 	3.52 3.25
3.42 	3.51 3.25
3.38 	3.46 3.25
3.39 	3.43 3.25
3.38 	3.40 3.25
3.39  	3.38 3.25
3.48 	3.40 3.25
3.50 	3.45 3.25
3.77 	3.66 3.75
4.17 	4.10 3.75
4.54 	4.43 4.25
4.59 	4.53 4.50
4.59 	4.52 4.50
4.75 	4.71 4.50
4.83 	4.71 4.75
4.85 	4.78 4.75
4.87 	4.83 4.75
4.88  	4.84 4.75
5.01 	5.00 4.75
4.99 	5.16 4.75
4.92 	5.11 4.75
4.77  	4.92 4.50
4.77  	4.92 4.50
4.92 	5.11 4.75
4.99 	5.16 4.75
5.01 	5.00 4.75
4.88  	4.84 4.75
4.87 	4.83 4.75
4.85 	4.78 4.75
4.83 	4.71 4.75
4.75 	4.71 4.50
4.59 	4.52 4.50
4.59 	4.53 4.50
4.54 	4.43 4.25
4.17 	4.10 3.75
3.77 	3.66 3.75
3.50 	3.45 3.25
3.48 	3.40 3.25
3.39  	3.38 3.25
3.38 	3.40 3.25
3.39 	3.43 3.25
3.38 	3.46 3.25
3.42 	3.51 3.25
3.43 	3.52 3.25
3.42 	3.46 3.25
3.38 	3.40 3.25
3.36 	3.36 3.25
3.35 	3.31 3.25
3.29 	3.19 3.25
3.05 	3.00 2.75
2.90  	2.88 2.75
2.83 	2.76 2.75
2.64 	2.56 2.50
2.61 	2.57 2.50
2.57 	2.46 2.50
2.23 	2.20 2.00
2.16 	2.16 2.00
2.15 	2.17 2.00
2.16 	2.18 2.00
2.13 	2.17 2.00
2.11 	2.19 2.00
2.16 	2.18 2.00
2.11  	2.12 2.00
2.09 	2.10 2.00
2.07 	2.06 2.00
2.08 	2.06 2.00
2.09 	2.11 2.00
2.10 	2.14 2.00
2.10 	2.15 2.00
2.11 	2.14 2.00
2.11 	2.14 2.00
2.11 	2.18 2.00
2.13 	2.20 2.00
2.20 	2.21 2.00
2.14  	2.18 2.00
2.13 	2.17 2.00
2.13 	2.17 2.00
2.13 	2.17 2.00
2.13 	2.16 2.00
2.13 	2.14 2.00
2.14 	2.15 2.00
2.14 	2.16 2.00
2.14 	2.17 2.00
2.15 	2.22 2.00
2.23 	2.37 2.00
2.44 	2.51 2.25
2.42  	2.54 2.25
2.47 	2.63 2.25
2.66 	2.75 2.50
2.68 	2.83 2.50
2.72 	2.92 2.50
2.90 	3.01 2.75
2.97 	3.14 2.75
3.13 	3.26 3.00
3.18 	3.37 3.00
3.39 	3.54 3.25
3.45 	3.64 3.25
3.68 	3.73 3.50
3.67  	3.80 3.50
3.69 	3.86 3.50
3.89 	3.94 3.75
3.91 	4.02 3.75
3.96 	4.12 3.75
4.15 	4.20 4.00
4.16 	4.27 4.00
4.34 	4.57 4.00
4.50 	4.80 4.00
4.32 	4.77 4.00
4.21 	4.69 4.00
4.83 	4.93 4.00
4.27  	4.57 4.00
4.24 	4.42 4.00
4.35 	4.62 4.00
4.43 	4.84 4.00
4.44 	4.92 4.00
4.54 	5.00 4.00
4.53 	5.03 4.25
4.55 	5.03 4.25
4.68 	5.06 4.25
4.85 	5.11 4.25
3.84 	4.24 3.25
2.99 	3.29 2.50
2.14  	2.46 2.00
1.63 	1.94 2.00
1.27 	1.64 1.50
1.01 	1.42 1.25
0.88 	1.28 1.00
0.91 	1.23 1.00
0.61 	0.98 1.00
0.51 	0.86 1.00
0.46 	0.77 1.00
0.43 	0.74 1.00
0.43 	0.72 1.00
0.48 	0.71 1.00
0.44  	0.68 1.00
0.43 	0.66 1.00
0.41 	0.65 1.00
0.40 	0.64 1.00
0.42 	0.69 1.00
0.45 	0.73 1.00
0.58 	0.85 1.00
0.64 	0.90 1.00
0.64 	0.90 1.00
0.58 	0.85 1.00
0.45 	0.73 1.00
0.42 	0.69 1.00
0.40 	0.64 1.00
0.41 	0.65 1.00
0.43 	0.66 1.00
0.44  	0.68 1.00
0.48 	0.71 1.00
0.43 	0.72 1.00
0.43 	0.74 1.00
0.46 	0.77 1.00
0.51 	0.86 1.00
0.61 	0.98 1.00
0.91 	1.23 1.00
0.88 	1.28 1.00
1.01 	1.42 1.25
1.27 	1.64 1.50
1.63 	1.94 2.00
2.14  	2.46 2.00
2.99 	3.29 2.50
3.84 	4.24 3.25
4.85 	5.11 4.25
4.68 	5.06 4.25
4.55 	5.03 4.25
4.53 	5.03 4.25
4.54 	5.00 4.00
4.44 	4.92 4.00
4.43 	4.84 4.00
4.35 	4.62 4.00
4.24 	4.42 4.00
4.27  	4.57 4.00
4.83 	4.93 4.00
4.21 	4.69 4.00
4.32 	4.77 4.00
4.50 	4.80 4.00
4.34 	4.57 4.00
4.16 	4.27 4.00
4.15 	4.20 4.00
3.96 	4.12 3.75
3.91 	4.02 3.75
3.89 	3.94 3.75
3.69 	3.86 3.50
3.67  	3.80 3.50
3.68 	3.73 3.50
3.45 	3.64 3.25
3.39 	3.54 3.25
3.18 	3.37 3.00
3.13 	3.26 3.00
2.97 	3.14 2.75
2.90 	3.01 2.75
2.72 	2.92 2.50
2.68 	2.83 2.50
2.66 	2.75 2.50
2.47 	2.63 2.25
2.42  	2.54 2.25
2.44 	2.51 2.25
2.23 	2.37 2.00
2.15 	2.22 2.00
2.14 	2.17 2.00
